0.999483
-0.674180
-0.434764
0.894402
-0.536687
-0.030053
0.914954
0.488611
0.080087
0.479906
0.519888
0.317273
-0.368725
0.608806
0.039344
-0.662855
-0.048941
-0.215372
-0.556665
-0.573619
-0.939330
-0.332922
-0.611702
0.887434
0.159863
0.796610
0.331128
-0.002779
0.121257
-0.635431
-0.406949
-0.765182
-0.874165
0.296251
0.450837
0.274262
0.427770
-0.800848
0.398534
-0.784375
-0.741514
0.004806
-0.584440
-0.422179
-0.833650
-0.743752
0.094743
-0.835361
-0.415717
0.783247
-0.545764
-0.136309
-0.718534
-0.199216
0.373894
-0.658658
-0.118358
-0.909327
-0.377407
0.012362
-0.635178
0.022064
0.481576
-0.268023
-0.678382
-0.079786
0.255673
0.355207
0.396393
-0.042926
-0.819785
-0.322543
-0.809572
-0.126916
-0.050653
-0.161508
0.555074
0.249221
0.960873
-0.259140
0.661625
-0.718387
0.488171
0.659479
-0.217791
0.243913
-0.306601
-0.907661
0.226133
0.134748
-0.002212
0.447604
-0.710899
-0.915394
-0.378426
-0.756718
-0.515861
-0.237882
-0.119743
0.199592
0.289149
-0.134748
0.111937
0.433682
0.284725
0.371553
-0.807684
-0.754133
-0.886005
0.640144
-0.748921
-0.368510
-0.638866
-0.715546
0.328859
0.370378
-0.617996
-0.127314
0.928918
0.736327
-0.738240
-0.031115
-0.250691
0.800950
-0.642686
0.359270
0.245749
0.967312
-0.118570
0.609475
0.989690
0.083102
-0.488189
0.277891
0.151821
-0.482557
-0.616814
-0.108674
-0.701467
0.993447
-0.756476
0.303079
-0.944410
-0.220045
0.655826
-0.432372
0.220407
-0.527175
-0.178358
0.355429
0.694253
0.298512
-0.837235
-0.758339
-0.041601
0.555757
-0.056045
0.886675
0.961602
-0.330891
-0.594664
-0.314318
0.307088
0.365518
0.219872
-0.800146
0.532510
0.471163
-0.517722
-0.473643
0.921740
-0.153209
-0.327884
-0.999501
0.737682
-0.992494
-0.668307
-0.976358
0.212910
0.459944
0.227649
0.931536
-0.005803
0.059771
-0.076785
0.426067
0.159920
0.365605
0.907843
-0.952690
-0.439780
0.739053
-0.401333
-0.360893
-0.398097
0.882223
0.696254
0.506692
0.076488
-0.183037
-0.575257
-0.847719
-0.420130
-0.960436
-0.517504
-0.230762
-0.090186
-0.252035
-0.119622
-0.764206
0.610860
-0.670215
-0.434940
-0.654629
0.871685
0.361906
-0.732607
-0.490478
-0.201110
-0.261529
0.452724
-0.444325
0.387138
0.000709
-0.763189
-0.697393
0.362894
0.441332
0.959294
0.393558
0.114420
0.361643
0.910704
0.196418
0.540908
0.827195
0.317917
0.341949
0.156370
0.906079
-0.674153
-0.329886
0.903649
-0.780677
0.238605
0.913633
0.970486
-0.858525
0.004661
0.361442
0.106640
0.174011
0.383241
-0.074704
0.148509
-0.854220
0.276533
-0.224485
-0.558080
-0.995536
-0.008686
-0.617367
-0.955470
0.807178
0.477256
-0.110938
-0.164596
0.521722
-0.124494
-0.618034
0.154226
-0.734623
-0.364351
-0.026167
0.878182
0.867893
-0.852680
0.224873
0.029497
0.249327
-0.738709
0.290421
-0.731703
0.305852
-0.469580
-0.236389
0.180430
0.339408
0.108665
-0.960990
-0.631306
0.982361
0.147356
0.275524
0.189715
0.030489
-0.338613
-0.206515
0.767931
0.542971
0.198151
-0.950547
-0.975482
0.396905
-0.468018
0.473401
0.999945
0.499585
-0.030089
0.647401
0.245554
0.805024
-0.886990
0.478155
-0.247648
-0.926398
0.552396
0.674708
-0.309836
-0.836315
-0.554757
-0.695047
-0.197646
0.063225
0.623413
-0.918445
-0.764222
0.150380
0.664724
-0.590716
-0.522556
0.993857
-0.482819
0.784112
0.693720
-0.386833
-0.933275
0.412841
-0.612769
0.017956
-0.956910
0.345466
0.627125
0.614568
-0.036946
0.075038
0.561697
-0.328302
0.398519
-0.148289
0.650481
0.891227
0.109683
0.420990
-0.243279
0.296677
-0.908655
-0.689045
0.770708
0.443131
0.923334
-0.139398
-0.735937
-0.121338
-0.065625
-0.179834
-0.445607
-0.442981
0.909242
0.608715
0.937021
0.999446
0.894321
-0.502898
-0.986590
-0.110545
0.348098
-0.007039
-0.957981
0.663526
-0.782908
-0.813697
0.780411
-0.108110
0.813814
0.108080
0.518869
0.631103
0.065937
-0.889730
-0.892029
0.798376
-0.706185
-0.034705
-0.865394
-0.437676
0.865698
0.014636
0.129006
0.601426
0.291775
-0.381561
-0.904387
-0.496068
0.427762
0.341988
0.210572
-0.703456
0.590501
0.330555
0.708604
0.621067
-0.857712
-0.862413
0.780933
0.516092
-0.859379
0.704189
0.550714
0.369790
-0.530894
-0.076849
0.872871
0.329893
-0.080641
0.775647
0.149245
-0.939663
0.534709
-0.309043
0.218246
-0.564914
0.287521
0.142785
0.604622
0.924671
-0.196460
0.993107
0.491892
-0.103178
-0.208431
-0.753220
0.065230
0.666759
0.835346
0.651215
-0.108169
-0.465728
0.328798
0.533721
0.331937
0.007910
0.670307
0.244811
-0.084922
0.109967
-0.268373
0.312604
0.834077
-0.447891
-0.757571
0.932357
0.394878
-0.112904
0.260392
-0.263307
-0.523616
-0.399452
0.420664
-0.905050
-0.014949
-0.837492
-0.755966
0.986204
-0.289818
0.529727
0.808199
-0.207781
0.634270
-0.302052
-0.467613
-0.264996
0.504632
0.175600
-0.021158
0.346948
-0.343408
0.707892
0.664761
-0.680823
-0.355178
0.900347
-0.809247
-0.537960
0.721216
-0.280746
0.969687
-0.936049
0.657300
0.033619
-0.021184
0.927955
0.920263
0.363634
0.721576
-0.088341
-0.335219
-0.881700
-0.095508
-0.565292
-0.308785
0.099944
-0.364755
0.785953
-0.019909
-0.487042
0.937997
0.821273
-0.546565
-0.344343
-0.426596
-0.714970
-0.801437
-0.615335
-0.383246
0.742832
-0.217702
0.577322
-0.598368
0.972952
0.765724
-0.780275
-0.291433
0.111485
0.381397
0.287632
-0.273791
-0.842275
-0.598359
0.433947
0.488707
0.535273
-0.509115
0.336018
0.773979
-0.266300
0.063113
0.005688
-0.370913
0.245083
-0.960192
0.352710
-0.140363
-0.534330
0.975239
-0.386856
-0.010726
0.497230
0.783687
-0.909429
-0.144878
-0.546043
-0.031854
-0.670709
-0.820385
-0.231473
-0.952329
-0.340531
0.062461
-0.046633
0.754965
-0.088997
-0.005395
-0.207631
0.772249
0.472140
-0.782165
-0.204156
0.685150
0.652401
0.873310
-0.508821
0.279377
-0.013330
-0.853101
0.560276
-0.915776
0.402233
0.881047
0.401096
0.553521
-0.614515
-0.986149
0.685967
0.838648
-0.515833
-0.619799
0.470169
-0.670955
0.980613
0.965696
0.314339
-0.962453
0.519193
-0.284865
0.018033
0.477799
0.135846
-0.421887
-0.169966
0.962109
-0.268231
0.035757
0.688418
0.936245
-0.482211
-0.043379
-0.125318
-0.241204
-0.593836
0.101641
-0.488915
0.100196
0.740956
-0.517540
-0.685784
-0.563478
-0.767445
0.498037
-0.683419
-0.047292
0.090655
0.757956
-0.965712
0.085964
-0.363964
0.577611
0.743443
0.476981
-0.815334
-0.397203
0.274207
0.143129
0.425621
0.288578
-0.539048
0.943391
0.932319
-0.416232
-0.649428
-0.374235
0.969303
0.136783
0.688937
-0.711132
-0.080119
0.215796
-0.631755
-0.314389
0.212866
0.676393
-0.627623
-0.939451
-0.385216
-0.749428
-0.459210
0.748323
-0.258981
0.788467
-0.184009
0.763757
0.295902
-0.526027
0.057615
-0.412537
-0.811359
0.869077
-0.756641
-0.300636
-0.865946
0.284394
0.384894
-0.330147
-0.251512
-0.372230
0.077477
-0.802815
-0.018972
-0.342529
0.419452
0.763396
-0.213999
0.708487
-0.072447
0.054113
-0.013380
-0.464431
0.166155
-0.885297
0.918673
0.542834
-0.914563
-0.003133
-0.895411
0.123103
0.920724
0.239635
0.057257
0.396470
-0.627676
0.107996
0.332241
-0.694538
0.897500
-0.626348
0.161025
0.702049
-0.786268
0.351723
0.592090
0.315292
-0.981301
-0.587465
0.272841
-0.923487
0.355421
0.355836
0.343369
-0.207365
0.323194
0.266721
0.924248
0.985423
-0.801310
-0.864213
-0.147974
0.894091
0.416652
-0.066364
-0.910327
0.497162
0.356741
-0.578157
-0.203019
0.907351
-0.942195
0.871533
0.693861
0.325520
0.735822
0.304719
-0.094390
-0.389542
-0.295930
-0.440713
-0.527909
-0.945993
0.304125
0.424000
0.239862
-0.749122
-0.094420
0.844663
-0.758311
-0.192382
-0.479419
0.557687
0.335682
-0.946421
-0.017335
0.830122
0.408051
0.256402
0.156677
0.258313
0.460821
0.282637
-0.072581
0.228582
-0.491059
0.617365
-0.542033
-0.099044
0.748470
-0.594452
0.047422
-0.746963
0.158806
-0.476231
-0.584462
0.105676
0.702791
0.027189
0.116520
0.332297
0.997949
-0.643452
-0.766521
-0.863149
0.245427
-0.371034
0.779656
0.612955
-0.140166
0.049391
-0.094649
0.261486
0.133189
0.917721
0.816105
0.401797
-0.245949
0.367592
-0.603823
0.234801
-0.172548
0.647177
0.511156
0.406195
-0.271411
0.639574
0.503164
-0.902461
0.057138
0.233496
-0.458114
0.601683
-0.529652
0.807573
-0.482397
-0.617327
-0.975179
0.706828
0.242017
0.711724
-0.719788
0.745376
0.417679
-0.814718
-0.958499
0.565273
-0.939835
0.009221
-0.836756
0.546987
0.745155
0.760062
0.767049
0.744855
-0.082556
0.804598
0.095810
-0.888023
0.182360
0.127883
0.552260
-0.408860
-0.918293
-0.202866
-0.435451
0.613433
0.014319
0.376302
-0.010672
-0.090908
-0.157040
-0.921497
-0.817608
-0.212369
-0.729254
0.937301
0.623352
-0.348069
0.923998
-0.799438
-0.794151
-0.385482
-0.332636
0.715932
0.045843
0.231000
0.963117
0.594969
-0.602381
-0.086592
0.141942
-0.570183
0.372867
-0.442796
-0.640520
-0.205004
-0.674282
0.605244
-0.832708
0.276542
-0.538287
0.160189
0.728585
0.865477
0.642786
-0.038819
0.272746
-0.636983
-0.061599
-0.381447
0.337621
0.444682
0.149713
0.055709
0.618463
0.973765
-0.352279
0.212793
0.519118
0.581936
-0.860140
0.100931
-0.981403
0.569259
0.378088
0.927176
0.032883
-0.285643
-0.035326
-0.140081
0.992612
0.202352
0.570008
0.941084
-0.024291
-0.810146
0.958664
-0.758245
0.260521
-0.611505
-0.573837
-0.970802
-0.266658
-0.319798
0.443573
-0.264934
-0.957933
-0.736624
0.173519
0.467209
0.727270
-0.726011
-0.895146
-0.187553
-0.516686
-0.055099
0.744432
-0.090562
-0.856842
-0.371878
-0.014354
0.483442
0.389567
0.965736
-0.360504
0.608407
-0.893064
0.492311
-0.393050
-0.813837
0.869063
0.493736
-0.799903
0.440593
-0.578493
0.926193
0.498379
0.479244
0.020145
-0.825414
0.300041
-0.835270
0.453841
0.065237
0.498612
0.722534
-0.930601
-0.813755
0.310514
0.919036
-0.025886
0.719791
-0.830411
0.437083
0.701837
0.637770
0.432549
-0.183552
0.273171
0.047677
-0.255922
-0.293148
0.196098
-0.805026
-0.447294
